x	exact	n1	n2	n3	n4	n5	n8	n12	n20	n30	n50
0.000000	0.000000	0.000000	0.000000	0.000000	0.000000	0.000000	0.000000	0.000000	0.000000	0.000000	0.000000
0.002004	0.004008	0.000004	0.000015	0.000035	0.000051	0.000062	0.000166	0.000316	0.000319	0.000332	0.000328
0.004008	0.008016	0.000015	0.000060	0.000138	0.000203	0.000247	0.000654	0.001220	0.001233	0.001281	0.001263
0.006012	0.012024	0.000034	0.000135	0.000311	0.000454	0.000553	0.001446	0.002650	0.002684	0.002779	0.002738
0.008016	0.016032	0.000060	0.000240	0.000550	0.000804	0.000977	0.002526	0.004548	0.004618	0.004767	0.004691
0.010020	0.020040	0.000094	0.000374	0.000857	0.001250	0.001518	0.003877	0.006861	0.006981	0.007186	0.007066
0.012024	0.024048	0.000136	0.000538	0.001231	0.001792	0.002172	0.005485	0.009541	0.009725	0.009985	0.009811
0.014028	0.028056	0.000184	0.000731	0.001670	0.002428	0.002939	0.007336	0.012543	0.012807	0.013115	0.012878
0.016032	0.032064	0.000241	0.000954	0.002174	0.003156	0.003815	0.009414	0.015826	0.016184	0.016533	0.016224
0.018036	0.036072	0.000305	0.001205	0.002743	0.003976	0.004799	0.011707	0.019352	0.019818	0.020198	0.019810
0.020040	0.040080	0.000377	0.001486	0.003376	0.004885	0.005889	0.014201	0.023088	0.023673	0.024074	0.023602
0.022044	0.044088	0.000456	0.001796	0.004072	0.005884	0.007082	0.016884	0.027002	0.027717	0.028127	0.027566
0.024048	0.048096	0.000542	0.002134	0.004830	0.006969	0.008376	0.019744	0.031066	0.031919	0.032328	0.031675
0.026052	0.052104	0.000636	0.002501	0.005651	0.008140	0.009771	0.022769	0.035255	0.036251	0.036648	0.035901
0.028056	0.056112	0.000738	0.002897	0.006533	0.009396	0.011263	0.025949	0.039546	0.040690	0.041063	0.040223
0.030060	0.060120	0.000847	0.003321	0.007476	0.010735	0.012850	0.029273	0.043919	0.045211	0.045552	0.044620
0.032064	0.064128	0.000964	0.003773	0.008479	0.012156	0.014531	0.032730	0.048354	0.049795	0.050095	0.049072
0.034068	0.068136	0.001088	0.004254	0.009542	0.013659	0.016304	0.036312	0.052836	0.054422	0.054673	0.053565
0.036072	0.072144	0.001220	0.004762	0.010664	0.015240	0.018167	0.040008	0.057350	0.059077	0.059273	0.058083
0.038076	0.076152	0.001359	0.005299	0.011844	0.016900	0.020118	0.043810	0.061883	0.063744	0.063880	0.062615
0.040080	0.080160	0.001506	0.005863	0.013081	0.018637	0.022155	0.047710	0.066423	0.068411	0.068483	0.067150
0.042084	0.084168	0.001660	0.006455	0.014376	0.020449	0.024276	0.051699	0.070963	0.073065	0.073071	0.071678
0.044088	0.088176	0.001822	0.007075	0.015728	0.022336	0.026480	0.055769	0.075491	0.077699	0.077637	0.076192
0.046092	0.092184	0.001992	0.007722	0.017135	0.024297	0.028765	0.059915	0.080003	0.082302	0.082172	0.080685
0.048096	0.096192	0.002169	0.008397	0.018598	0.026329	0.031129	0.064127	0.084491	0.086868	0.086672	0.085152
0.050100	0.100200	0.002353	0.009098	0.020116	0.028432	0.033570	0.068400	0.088951	0.091390	0.091130	0.089588
0.052104	0.104208	0.002545	0.009827	0.021687	0.030606	0.036087	0.072728	0.093379	0.095865	0.095545	0.093990
0.054108	0.108216	0.002745	0.010583	0.023313	0.032847	0.038678	0.077104	0.097771	0.100289	0.099912	0.098354
0.056112	0.112224	0.002952	0.011365	0.024991	0.035157	0.041341	0.081523	0.102126	0.104658	0.104231	0.102681
0.058116	0.116232	0.003166	0.012175	0.026722	0.037532	0.044075	0.085979	0.106441	0.108971	0.108499	0.106967
0.060120	0.120240	0.003389	0.013011	0.028504	0.039972	0.046878	0.090468	0.110715	0.113227	0.112716	0.111212
0.062124	0.124248	0.003618	0.013873	0.030338	0.042477	0.049748	0.094984	0.114949	0.117426	0.116884	0.115417
0.064128	0.128257	0.003855	0.014762	0.032223	0.045044	0.052684	0.099524	0.119141	0.121567	0.121002	0.119582
0.066132	0.132265	0.004100	0.015677	0.034157	0.047673	0.055684	0.104082	0.123293	0.125653	0.125071	0.123707
0.068136	0.136273	0.004352	0.016619	0.036142	0.050362	0.058748	0.108655	0.127405	0.129683	0.129094	0.127794
0.070140	0.140281	0.004612	0.017586	0.038175	0.053112	0.061872	0.113238	0.131479	0.133661	0.133072	0.131844
0.072144	0.144289	0.004879	0.018579	0.040256	0.055919	0.065056	0.117829	0.135515	0.137588	0.137008	0.135858
0.074148	0.148297	0.005154	0.019598	0.042386	0.058784	0.068299	0.122425	0.139516	0.141468	0.140904	0.139839
0.076152	0.152305	0.005437	0.020643	0.044562	0.061705	0.071598	0.127021	0.143484	0.145303	0.144764	0.143788
0.078156	0.156313	0.005727	0.021713	0.046786	0.064681	0.074953	0.131615	0.147420	0.149096	0.148589	0.147708
0.080160	0.160321	0.006024	0.022809	0.049055	0.067711	0.078362	0.136205	0.151327	0.152850	0.152384	0.151601
0.082164	0.164329	0.006329	0.023929	0.051370	0.070795	0.081823	0.140788	0.155207	0.156570	0.156150	0.155469
0.084168	0.168337	0.006642	0.025075	0.053731	0.073930	0.085336	0.145362	0.159063	0.160259	0.159893	0.159315
0.086172	0.172345	0.006962	0.026247	0.056135	0.077117	0.088898	0.149924	0.162897	0.163921	0.163614	0.163140
0.088176	0.176353	0.007289	0.027443	0.058584	0.080354	0.092509	0.154473	0.166711	0.167560	0.167318	0.166948
0.090180	0.180361	0.007624	0.028663	0.061076	0.083639	0.096167	0.159006	0.170509	0.171178	0.171006	0.170741
0.092184	0.184369	0.007967	0.029909	0.063611	0.086973	0.099871	0.163523	0.174292	0.174782	0.174684	0.174521
0.094188	0.188377	0.008317	0.031179	0.066188	0.090354	0.103619	0.168022	0.178062	0.178373	0.178352	0.178290
0.096192	0.192385	0.008675	0.032473	0.068807	0.093781	0.107411	0.172501	0.181823	0.181955	0.182016	0.182051
0.098196	0.196393	0.009040	0.033792	0.071467	0.097252	0.111245	0.176960	0.185576	0.185533	0.185677	0.185805
0.100200	0.200401	0.009413	0.035135	0.074168	0.100768	0.115120	0.181397	0.189324	0.189110	0.189338	0.189556
0.102204	0.204409	0.009793	0.036503	0.076910	0.104328	0.119035	0.185811	0.193070	0.192689	0.193002	0.193304
0.104208	0.208417	0.010181	0.037894	0.079690	0.107929	0.122987	0.190202	0.196814	0.196273	0.196672	0.197052
0.106212	0.212425	0.010576	0.039309	0.082510	0.111572	0.126978	0.194569	0.200559	0.199866	0.200350	0.200802
0.108216	0.216433	0.010979	0.040747	0.085369	0.115255	0.131004	0.198911	0.204307	0.203470	0.204038	0.204555
0.110220	0.220441	0.011389	0.042210	0.088266	0.118977	0.135065	0.203228	0.208059	0.207088	0.207738	0.208312
0.112224	0.224449	0.011807	0.043695	0.091200	0.122739	0.139160	0.207520	0.211818	0.210722	0.211452	0.212076
0.114228	0.228457	0.012233	0.045204	0.094171	0.126537	0.143288	0.211787	0.215584	0.214375	0.215181	0.215848
0.116232	0.232465	0.012666	0.046737	0.097179	0.130373	0.147448	0.216027	0.219359	0.218050	0.218928	0.219629
0.118236	0.236473	0.013106	0.048292	0.100223	0.134244	0.151638	0.220242	0.223145	0.221747	0.222694	0.223419
0.120240	0.240481	0.013554	0.049871	0.103302	0.138151	0.155857	0.224430	0.226942	0.225469	0.226479	0.227221
0.122244	0.244489	0.014010	0.051472	0.106416	0.142091	0.160105	0.228593	0.230752	0.229216	0.230285	0.231034
0.124248	0.248497	0.014473	0.053096	0.109565	0.146065	0.164381	0.232731	0.234575	0.232991	0.234113	0.234861
0.126253	0.252505	0.014943	0.054743	0.112748	0.150071	0.168683	0.236843	0.238413	0.236795	0.237964	0.238701
0.128257	0.256513	0.015422	0.056412	0.115965	0.154109	0.173010	0.240930	0.242265	0.240628	0.241837	0.242555
0.130261	0.260521	0.015907	0.058104	0.119214	0.158178	0.177362	0.244992	0.246132	0.244491	0.245734	0.246423
0.132265	0.264529	0.016401	0.059818	0.122496	0.162276	0.181737	0.249030	0.250015	0.248384	0.249654	0.250307
0.134269	0.268537	0.016901	0.061554	0.125810	0.166404	0.186135	0.253044	0.253915	0.252308	0.253597	0.254206
0.136273	0.272545	0.017410	0.063312	0.129155	0.170560	0.190555	0.257035	0.257830	0.256263	0.257565	0.258120
0.138277	0.276553	0.017925	0.065092	0.132532	0.174744	0.194995	0.261004	0.261762	0.260248	0.261555	0.262050
0.140281	0.280561	0.018449	0.066894	0.135939	0.178954	0.199455	0.264950	0.265711	0.264264	0.265569	0.265996
0.142285	0.284569	0.018980	0.068717	0.139376	0.183190	0.203934	0.268874	0.269676	0.268310	0.269605	0.269957
0.144289	0.288577	0.019518	0.070562	0.142842	0.187452	0.208431	0.272778	0.273657	0.272386	0.273664	0.273933
0.146293	0.292585	0.020064	0.072428	0.146338	0.191738	0.212945	0.276661	0.277654	0.276490	0.277743	0.277925
0.148297	0.296593	0.020617	0.074316	0.149862	0.196047	0.217475	0.280525	0.281666	0.280621	0.281843	0.281933
0.150301	0.300601	0.021178	0.076225	0.153415	0.200380	0.222021	0.284371	0.285694	0.284780	0.285963	0.285954
0.152305	0.304609	0.021747	0.078155	0.156995	0.204735	0.226582	0.288199	0.289736	0.288964	0.290102	0.289990
0.154309	0.308617	0.022323	0.080106	0.160603	0.209111	0.231157	0.292010	0.293793	0.293172	0.294258	0.294041
0.156313	0.312625	0.022907	0.082078	0.164237	0.213508	0.235744	0.295804	0.297863	0.297403	0.298431	0.298104
0.158317	0.316633	0.023498	0.084070	0.167897	0.217924	0.240344	0.299584	0.301946	0.301656	0.302620	0.302181
0.160321	0.320641	0.024096	0.086083	0.171584	0.222361	0.244956	0.303348	0.306041	0.305929	0.306823	0.306270
0.162325	0.324649	0.024702	0.088117	0.175295	0.226815	0.249578	0.307100	0.310148	0.310220	0.311039	0.310370
0.164329	0.328657	0.025316	0.090171	0.179032	0.231288	0.254211	0.310838	0.314266	0.314528	0.315266	0.314482
0.166333	0.332665	0.025937	0.092245	0.182793	0.235778	0.258853	0.314565	0.318394	0.318851	0.319504	0.318605
0.168337	0.336673	0.026566	0.094339	0.186578	0.240284	0.263503	0.318281	0.322530	0.323187	0.323752	0.322737
0.170341	0.340681	0.027202	0.096453	0.190386	0.244807	0.268162	0.321987	0.326675	0.327534	0.328007	0.326878
0.172345	0.344689	0.027846	0.098587	0.194218	0.249344	0.272828	0.325683	0.330828	0.331891	0.332269	0.331028
0.174349	0.348697	0.028498	0.100741	0.198072	0.253896	0.277500	0.329372	0.334986	0.336255	0.336535	0.335185
0.176353	0.352705	0.029157	0.102914	0.201949	0.258462	0.282179	0.333053	0.339151	0.340626	0.340806	0.339349
0.178357	0.356713	0.029823	0.105107	0.205847	0.263041	0.286862	0.336728	0.343320	0.345000	0.345079	0.343519
0.180361	0.360721	0.030497	0.107320	0.209767	0.267633	0.291551	0.340397	0.347493	0.349376	0.349352	0.347694
0.182365	0.364729	0.031178	0.109551	0.213707	0.272237	0.296243	0.344061	0.351669	0.353753	0.353626	0.351874
0.184369	0.368737	0.031867	0.111802	0.217668	0.276853	0.300939	0.347722	0.355848	0.358128	0.357898	0.356057
0.186373	0.372745	0.032564	0.114071	0.221649	0.281479	0.305638	0.351379	0.360027	0.362500	0.362167	0.360244
0.188377	0.376754	0.033268	0.116360	0.225650	0.286115	0.310339	0.355035	0.364207	0.366866	0.366433	0.364432
0.190381	0.380762	0.033980	0.118667	0.229670	0.290761	0.315042	0.358689	0.368386	0.371226	0.370693	0.368622
0.192385	0.384770	0.034699	0.120993	0.233708	0.295416	0.319746	0.362343	0.372565	0.375578	0.374947	0.372813
0.194389	0.388778	0.035425	0.123338	0.237765	0.300079	0.324451	0.365997	0.376741	0.379920	0.379193	0.377003
0.196393	0.392786	0.036159	0.125701	0.241840	0.304751	0.329156	0.369653	0.380914	0.384250	0.383431	0.381192
0.198397	0.396794	0.036901	0.128082	0.245933	0.309429	0.333860	0.373310	0.385084	0.388568	0.387660	0.385380
0.200401	0.400802	0.037650	0.130481	0.250042	0.314114	0.338563	0.376970	0.389249	0.392871	0.391878	0.389566
0.202405	0.404810	0.038407	0.132899	0.254168	0.318806	0.343265	0.380633	0.393410	0.397159	0.396085	0.393748
0.204409	0.408818	0.039172	0.135334	0.258310	0.323503	0.347965	0.384301	0.397565	0.401430	0.400280	0.397927
0.206413	0.412826	0.039943	0.137787	0.262469	0.328205	0.352663	0.387973	0.401714	0.405684	0.404462	0.402101
0.208417	0.416834	0.040723	0.140258	0.266642	0.332912	0.357357	0.391651	0.405856	0.409919	0.408631	0.406270
0.210421	0.420842	0.041510	0.142747	0.270831	0.337623	0.362048	0.395335	0.409991	0.414134	0.412786	0.410434
0.212425	0.424850	0.042304	0.145252	0.275034	0.342337	0.366736	0.399025	0.414118	0.418328	0.416927	0.414592
0.214429	0.428858	0.043106	0.147776	0.279252	0.347055	0.371419	0.402723	0.418237	0.422502	0.421052	0.418743
0.216433	0.432866	0.043915	0.150316	0.283483	0.351775	0.376097	0.406429	0.422348	0.426653	0.425163	0.422886
0.218437	0.436874	0.044733	0.152873	0.287728	0.356497	0.380771	0.410144	0.426449	0.430782	0.429257	0.427022
0.220441	0.440882	0.045557	0.155448	0.291986	0.361220	0.385438	0.413868	0.430542	0.434889	0.433336	0.431150
0.222445	0.444890	0.046389	0.158039	0.296257	0.365945	0.390100	0.417601	0.434625	0.438972	0.437398	0.435270
0.224449	0.448898	0.047229	0.160647	0.300540	0.370670	0.394756	0.421344	0.438698	0.443031	0.441444	0.439380
0.226453	0.452906	0.048076	0.163272	0.304835	0.375396	0.399404	0.425098	0.442762	0.447068	0.445474	0.443481
0.228457	0.456914	0.048931	0.165913	0.309141	0.380121	0.404046	0.428863	0.446815	0.451080	0.449488	0.447573
0.230461	0.460922	0.049793	0.168570	0.313459	0.384845	0.408680	0.432639	0.450859	0.455070	0.453485	0.451654
0.232465	0.464930	0.050662	0.171244	0.317787	0.389568	0.413307	0.436428	0.454892	0.459035	0.457467	0.455726
0.234469	0.468938	0.051540	0.173934	0.322126	0.394289	0.417925	0.440228	0.458915	0.462978	0.461432	0.459787
0.236473	0.472946	0.052424	0.176639	0.326475	0.399008	0.422535	0.444040	0.462928	0.466898	0.465382	0.463838
0.238477	0.476954	0.053317	0.179361	0.330833	0.403725	0.427136	0.447866	0.466931	0.470796	0.469317	0.467877
0.240481	0.480962	0.054217	0.182098	0.335201	0.408439	0.431728	0.451704	0.470924	0.474672	0.473236	0.471906
0.242485	0.484970	0.055124	0.184851	0.339578	0.413149	0.436311	0.455556	0.474907	0.478527	0.477142	0.475925
0.244489	0.488978	0.056039	0.187620	0.343963	0.417856	0.440883	0.459422	0.478881	0.482362	0.481033	0.479932
0.246493	0.492986	0.056961	0.190404	0.348357	0.422558	0.445446	0.463301	0.482845	0.486176	0.484911	0.483928
0.248497	0.496994	0.057891	0.193203	0.352758	0.427256	0.449999	0.467194	0.486800	0.489972	0.488776	0.487914
0.250501	0.501002	0.058829	0.196018	0.357167	0.431949	0.454540	0.471101	0.490747	0.493750	0.492629	0.491888
0.252505	0.505010	0.059774	0.198847	0.361583	0.436637	0.459071	0.475023	0.494684	0.497510	0.496471	0.495852
0.254509	0.509018	0.060726	0.201691	0.366006	0.441318	0.463591	0.478959	0.498614	0.501255	0.500302	0.499806
0.256513	0.513026	0.061686	0.204550	0.370435	0.445994	0.468100	0.482909	0.502536	0.504984	0.504122	0.503749
0.258517	0.517034	0.062654	0.207424	0.374870	0.450663	0.472597	0.486874	0.506451	0.508700	0.507933	0.507682
0.260521	0.521042	0.063629	0.210312	0.379311	0.455326	0.477082	0.490853	0.510358	0.512403	0.511736	0.511605
0.262525	0.525050	0.064612	0.213215	0.383758	0.459981	0.481555	0.494846	0.514259	0.516095	0.515531	0.515518
0.264529	0.529058	0.065602	0.216132	0.388209	0.464629	0.486015	0.498854	0.518155	0.519777	0.519320	0.519423
0.266533	0.533066	0.066600	0.219063	0.392666	0.469269	0.490463	0.502877	0.522044	0.523449	0.523102	0.523318
0.268537	0.537074	0.067605	0.222009	0.397126	0.473901	0.494899	0.506914	0.525929	0.527114	0.526879	0.527204
0.270541	0.541082	0.068618	0.224968	0.401591	0.478524	0.499321	0.510965	0.529809	0.530773	0.530652	0.531083
0.272545	0.545090	0.069638	0.227941	0.406060	0.483138	0.503731	0.515030	0.533685	0.534427	0.534422	0.534954
0.274549	0.549098	0.070666	0.230928	0.410532	0.487743	0.508127	0.519110	0.537558	0.538077	0.538190	0.538817
0.276553	0.553106	0.071702	0.233928	0.415007	0.492339	0.512509	0.523203	0.541428	0.541725	0.541956	0.542674
0.278557	0.557114	0.072744	0.236942	0.419485	0.496925	0.516878	0.527310	0.545296	0.545372	0.545721	0.546524
0.280561	0.561122	0.073795	0.239969	0.423965	0.501501	0.521233	0.531430	0.549162	0.549020	0.549487	0.550369
0.282565	0.565130	0.074853	0.243009	0.428448	0.506067	0.525574	0.535564	0.553027	0.552670	0.553255	0.554208
0.284569	0.569138	0.075918	0.246063	0.432932	0.510622	0.529901	0.539711	0.556892	0.556323	0.557024	0.558043
0.286573	0.573146	0.076991	0.249129	0.437418	0.515166	0.534213	0.543870	0.560756	0.559981	0.560797	0.561874
0.288577	0.577154	0.078072	0.252208	0.441905	0.519698	0.538511	0.548042	0.564621	0.563644	0.564573	0.565701
0.290581	0.581162	0.079160	0.255300	0.446393	0.524220	0.542795	0.552226	0.568488	0.567315	0.568355	0.569526
0.292585	0.585170	0.080256	0.258405	0.450882	0.528729	0.547064	0.556422	0.572356	0.570994	0.572142	0.573349
0.294589	0.589178	0.081359	0.261522	0.455371	0.533227	0.551318	0.560630	0.576227	0.574683	0.575935	0.577170
0.296593	0.593186	0.082470	0.264652	0.459860	0.537712	0.555557	0.564848	0.580100	0.578383	0.579736	0.580990
0.298597	0.597194	0.083588	0.267794	0.464349	0.542185	0.559781	0.569078	0.583977	0.582095	0.583545	0.584811
0.300601	0.601202	0.084714	0.270947	0.468837	0.546645	0.563990	0.573318	0.587858	0.585820	0.587362	0.588631
0.302605	0.605210	0.085847	0.274113	0.473324	0.551092	0.568183	0.577568	0.591743	0.589560	0.591190	0.592454
0.304609	0.609218	0.086988	0.277291	0.477810	0.555526	0.572362	0.581828	0.595634	0.593314	0.595027	0.596278
0.306613	0.613226	0.088136	0.280481	0.482294	0.559946	0.576525	0.586097	0.599530	0.597085	0.598875	0.600104
0.308617	0.617234	0.089292	0.283682	0.486777	0.564353	0.580672	0.590374	0.603432	0.600873	0.602734	0.603934
0.310621	0.621242	0.090455	0.286895	0.491258	0.568746	0.584803	0.594660	0.607340	0.604679	0.606605	0.607769
0.312625	0.625251	0.091626	0.290119	0.495736	0.573125	0.588919	0.598954	0.611255	0.608503	0.610489	0.611607
0.314629	0.629259	0.092805	0.293354	0.500212	0.577489	0.593020	0.603256	0.615177	0.612347	0.614386	0.615452
0.316633	0.633267	0.093991	0.296601	0.504685	0.581839	0.597104	0.607564	0.619107	0.616211	0.618296	0.619302
0.318637	0.637275	0.095184	0.299859	0.509154	0.586174	0.601173	0.611878	0.623045	0.620096	0.622220	0.623159
0.320641	0.641283	0.096385	0.303127	0.513621	0.590495	0.605225	0.616198	0.626991	0.624001	0.626157	0.627023
0.322645	0.645291	0.097594	0.306407	0.518084	0.594800	0.609262	0.620524	0.630945	0.627928	0.630110	0.630895
0.324649	0.649299	0.098810	0.309697	0.522542	0.599090	0.613282	0.624855	0.634909	0.631878	0.634076	0.634776
0.326653	0.653307	0.100033	0.312997	0.526997	0.603365	0.617287	0.629189	0.638881	0.635849	0.638058	0.638666
0.328657	0.657315	0.101265	0.316308	0.531447	0.607624	0.621276	0.633528	0.642863	0.639843	0.642055	0.642566
0.330661	0.661323	0.102503	0.319630	0.535892	0.611867	0.625248	0.637869	0.646854	0.643859	0.646066	0.646476
0.332665	0.665331	0.103750	0.322961	0.540332	0.616094	0.629204	0.642214	0.650855	0.647898	0.650093	0.650396
0.334669	0.669339	0.105003	0.326303	0.544767	0.620306	0.633144	0.646560	0.654865	0.651960	0.654135	0.654328
0.336673	0.673347	0.106265	0.329655	0.549197	0.624501	0.637068	0.650908	0.658886	0.656044	0.658192	0.658271
0.338677	0.677355	0.107533	0.333016	0.553621	0.628679	0.640975	0.655256	0.662916	0.660150	0.662264	0.662227
0.340681	0.681363	0.108810	0.336387	0.558039	0.632842	0.644867	0.659605	0.666956	0.664278	0.666351	0.666195
0.342685	0.685371	0.110094	0.339768	0.562450	0.636987	0.648742	0.663954	0.671006	0.668429	0.670453	0.670176
0.344689	0.689379	0.111385	0.343158	0.566855	0.641116	0.652601	0.668302	0.675066	0.672600	0.674569	0.674169
0.346693	0.693387	0.112684	0.346558	0.571254	0.645228	0.656443	0.672648	0.679136	0.676793	0.678700	0.678176
0.348697	0.697395	0.113991	0.349967	0.575645	0.649322	0.660270	0.676993	0.683215	0.681006	0.682844	0.682197
0.350701	0.701403	0.115305	0.353385	0.580029	0.653400	0.664080	0.681334	0.687303	0.685239	0.687002	0.686231
0.352705	0.705411	0.116626	0.356812	0.584406	0.657460	0.667874	0.685673	0.691401	0.689491	0.691173	0.690279
0.354709	0.709419	0.117955	0.360248	0.588775	0.661503	0.671652	0.690007	0.695508	0.693762	0.695356	0.694341
0.356713	0.713427	0.119292	0.363692	0.593136	0.665529	0.675413	0.694337	0.699624	0.698050	0.699552	0.698417
0.358717	0.717435	0.120636	0.367145	0.597489	0.669537	0.679159	0.698662	0.703749	0.702355	0.703759	0.702507
0.360721	0.721443	0.121987	0.370607	0.601834	0.673527	0.682888	0.702982	0.707881	0.706676	0.707977	0.706611
0.362725	0.725451	0.123347	0.374077	0.606170	0.677499	0.686601	0.707295	0.712022	0.711012	0.712205	0.710728
0.364729	0.729459	0.124713	0.377556	0.610497	0.681454	0.690298	0.711601	0.716170	0.715361	0.716444	0.714859
0.366733	0.733467	0.126088	0.381042	0.614816	0.685390	0.693980	0.715900	0.720325	0.719724	0.720691	0.719003
0.368737	0.737475	0.127469	0.384537	0.619125	0.689309	0.697645	0.720191	0.724487	0.724098	0.724947	0.723160
0.370741	0.741483	0.128859	0.388039	0.623425	0.693209	0.701294	0.724473	0.728655	0.728483	0.729210	0.727330
0.372745	0.745491	0.130256	0.391550	0.627715	0.697091	0.704927	0.728746	0.732829	0.732877	0.733479	0.731513
0.374749	0.749499	0.131660	0.395068	0.631995	0.700956	0.708544	0.733009	0.737008	0.737280	0.737755	0.735707
0.376754	0.753507	0.133072	0.398593	0.636265	0.704801	0.712146	0.737262	0.741191	0.741689	0.742036	0.739912
0.378758	0.757515	0.134491	0.402126	0.640525	0.708629	0.715731	0.741504	0.745378	0.746103	0.746321	0.744128
0.380762	0.761523	0.135918	0.405666	0.644775	0.712438	0.719301	0.745734	0.749569	0.750522	0.750609	0.748354
0.382766	0.765531	0.137353	0.409214	0.649013	0.716228	0.722856	0.749952	0.753763	0.754943	0.754900	0.752590
0.384770	0.769539	0.138795	0.412768	0.653241	0.720000	0.726394	0.754158	0.757959	0.759366	0.759192	0.756835
0.386774	0.773547	0.140244	0.416329	0.657458	0.723753	0.729918	0.758351	0.762156	0.763789	0.763485	0.761088
0.388778	0.777555	0.141701	0.419898	0.661664	0.727488	0.733425	0.762530	0.766354	0.768210	0.767777	0.765348
0.390782	0.781563	0.143166	0.423473	0.665858	0.731204	0.736917	0.766695	0.770551	0.772629	0.772067	0.769614
0.392786	0.785571	0.144638	0.427054	0.670041	0.734902	0.740394	0.770845	0.774748	0.777043	0.776355	0.773886
0.394790	0.789579	0.146118	0.430642	0.674212	0.738580	0.743856	0.774979	0.778944	0.781451	0.780639	0.778162
0.396794	0.793587	0.147605	0.434236	0.678371	0.742240	0.747302	0.779098	0.783137	0.785852	0.784919	0.782442
0.398798	0.797595	0.149100	0.437837	0.682518	0.745882	0.750733	0.783201	0.787327	0.790245	0.789193	0.786724
0.400802	0.801603	0.150602	0.441443	0.686652	0.749504	0.754149	0.787287	0.791514	0.794627	0.793461	0.791008
0.402806	0.805611	0.152112	0.445056	0.690774	0.753108	0.757550	0.791356	0.795695	0.798997	0.797721	0.795292
0.404810	0.809619	0.153629	0.448674	0.694884	0.756693	0.760937	0.795407	0.799871	0.803355	0.801972	0.799575
0.406814	0.813627	0.155154	0.452299	0.698980	0.760259	0.764308	0.799440	0.804040	0.807698	0.806213	0.803856
0.408818	0.817635	0.156686	0.455928	0.703064	0.763807	0.767664	0.803455	0.808203	0.812025	0.810444	0.808133
0.410822	0.821643	0.158226	0.459564	0.707134	0.767335	0.771006	0.807450	0.812357	0.816335	0.814663	0.812406
0.412826	0.825651	0.159773	0.463204	0.711191	0.770845	0.774333	0.811426	0.816502	0.820626	0.818869	0.816673
0.414830	0.829659	0.161328	0.466850	0.715235	0.774336	0.777646	0.815382	0.820637	0.824897	0.823061	0.820933
0.416834	0.833667	0.162891	0.470501	0.719264	0.777809	0.780944	0.819318	0.824761	0.829147	0.827238	0.825184
0.418838	0.837675	0.164461	0.474157	0.723281	0.781262	0.784228	0.823233	0.828874	0.833375	0.831399	0.829425
0.420842	0.841683	0.166038	0.477818	0.727283	0.784697	0.787498	0.827127	0.832974	0.837579	0.835543	0.833655
0.422846	0.845691	0.167624	0.481484	0.731271	0.788113	0.790754	0.831000	0.837060	0.841757	0.839669	0.837873
0.424850	0.849699	0.169216	0.485154	0.735244	0.791511	0.793995	0.834850	0.841133	0.845910	0.843776	0.842076
0.426854	0.853707	0.170816	0.488829	0.739204	0.794889	0.797222	0.838679	0.845190	0.850035	0.847864	0.846264
0.428858	0.857715	0.172424	0.492508	0.743149	0.798250	0.800436	0.842486	0.849231	0.854132	0.851931	0.850435
0.430862	0.861723	0.174039	0.496192	0.747079	0.801591	0.803636	0.846269	0.853255	0.858200	0.855976	0.854588
0.432866	0.865731	0.175662	0.499880	0.750994	0.804914	0.806822	0.850030	0.857261	0.862237	0.859998	0.858722
0.434870	0.869739	0.177292	0.503571	0.754895	0.808219	0.809994	0.853767	0.861249	0.866244	0.863998	0.862834
0.436874	0.873747	0.178930	0.507267	0.758780	0.811505	0.813153	0.857480	0.865217	0.870217	0.867973	0.866924
0.438878	0.877756	0.180575	0.510967	0.762650	0.814772	0.816299	0.861170	0.869165	0.874158	0.871923	0.870990
0.440882	0.881764	0.182228	0.514670	0.766505	0.818021	0.819431	0.864836	0.873091	0.878065	0.875847	0.875031
0.442886	0.885772	0.183889	0.518377	0.770344	0.821252	0.822550	0.868477	0.876996	0.881938	0.879744	0.879046
0.444890	0.889780	0.185556	0.522087	0.774168	0.824465	0.825656	0.872093	0.880877	0.885775	0.883614	0.883034
0.446894	0.893788	0.187232	0.525800	0.777976	0.827659	0.828749	0.875685	0.884736	0.889577	0.887456	0.886992
0.448898	0.897796	0.188915	0.529517	0.781768	0.830835	0.831829	0.879252	0.888569	0.893342	0.891270	0.890920
0.450902	0.901804	0.190605	0.533237	0.785544	0.833993	0.834897	0.882793	0.892378	0.897071	0.895054	0.894817
0.452906	0.905812	0.192303	0.536960	0.789305	0.837134	0.837951	0.886310	0.896161	0.900762	0.898808	0.898682
0.454910	0.909820	0.194009	0.540685	0.793048	0.840256	0.840993	0.889800	0.899918	0.904415	0.902531	0.902513
0.456914	0.913828	0.195722	0.544413	0.796776	0.843360	0.844022	0.893265	0.903647	0.908030	0.906223	0.906310
0.458918	0.917836	0.197443	0.548144	0.800487	0.846446	0.847040	0.896704	0.907349	0.911607	0.909884	0.910070
0.460922	0.921844	0.199171	0.551878	0.804182	0.849515	0.850044	0.900118	0.911022	0.915146	0.913512	0.913795
0.462926	0.925852	0.200907	0.555613	0.807860	0.852566	0.853037	0.903505	0.914666	0.918646	0.917108	0.917482
0.464930	0.929860	0.202650	0.559351	0.811522	0.855599	0.856017	0.906866	0.918281	0.922107	0.920671	0.921130
0.466934	0.933868	0.204401	0.563091	0.815167	0.858615	0.858986	0.910201	0.921865	0.925529	0.924201	0.924740
0.468938	0.937876	0.206159	0.566833	0.818795	0.861614	0.861943	0.913510	0.925418	0.928912	0.927696	0.928310
0.470942	0.941884	0.207925	0.570577	0.822405	0.864595	0.864888	0.916793	0.928941	0.932256	0.931158	0.931839
0.472946	0.945892	0.209698	0.574323	0.825999	0.867559	0.867821	0.920049	0.932431	0.935562	0.934585	0.935327
0.474950	0.949900	0.211479	0.578070	0.829576	0.870506	0.870743	0.923279	0.935890	0.938829	0.937978	0.938774
0.476954	0.953908	0.213267	0.581819	0.833135	0.873436	0.873653	0.926483	0.939315	0.942058	0.941336	0.942179
0.478958	0.957916	0.215063	0.585569	0.836677	0.876349	0.876552	0.929660	0.942708	0.945249	0.944659	0.945541
0.480962	0.961924	0.216867	0.589321	0.840202	0.879245	0.879439	0.932812	0.946068	0.948402	0.947946	0.948861
0.482966	0.965932	0.218678	0.593073	0.843709	0.882124	0.882316	0.935936	0.949394	0.951517	0.951199	0.952138
0.484970	0.969940	0.220496	0.596827	0.847198	0.884987	0.885181	0.939035	0.952686	0.954595	0.954416	0.955371
0.486974	0.973948	0.222322	0.600582	0.850670	0.887833	0.888036	0.942108	0.955944	0.957637	0.957598	0.958561
0.488978	0.977956	0.224156	0.604337	0.854124	0.890663	0.890880	0.945154	0.959168	0.960643	0.960744	0.961708
0.490982	0.981964	0.225997	0.608093	0.857561	0.893476	0.893713	0.948175	0.962357	0.963613	0.963855	0.964812
0.492986	0.985972	0.227845	0.611850	0.860979	0.896273	0.896535	0.951170	0.965511	0.966548	0.966931	0.967873
0.494990	0.989980	0.229702	0.615607	0.864380	0.899054	0.899347	0.954139	0.968630	0.969448	0.969971	0.970891
0.496994	0.993988	0.231565	0.619364	0.867763	0.901819	0.902148	0.957082	0.971715	0.972314	0.972977	0.973866
0.498998	0.997996	0.233437	0.623121	0.871127	0.904569	0.904940	0.960000	0.974764	0.975147	0.975947	0.976799
0.501002	1.001002	0.235315	0.626879	0.874474	0.907302	0.907721	0.962893	0.977778	0.977948	0.978883	0.979689
0.503006	1.003006	0.237202	0.630636	0.877802	0.910020	0.910491	0.965760	0.980758	0.980716	0.981784	0.982539
0.505010	1.005010	0.239095	0.634393	0.881112	0.912723	0.913252	0.968602	0.983702	0.983454	0.984650	0.985347
0.507014	1.007014	0.240997	0.638150	0.884404	0.915410	0.916003	0.971420	0.986611	0.986160	0.987483	0.988115
0.509018	1.009018	0.242906	0.641907	0.887678	0.918082	0.918744	0.974213	0.989486	0.988837	0.990282	0.990844
0.511022	1.011022	0.244822	0.645663	0.890933	0.920739	0.921476	0.976981	0.992326	0.991485	0.993047	0.993533
0.513026	1.013026	0.246746	0.649418	0.894170	0.923381	0.924198	0.979726	0.995131	0.994105	0.995779	0.996185
0.515030	1.015030	0.248677	0.653173	0.897389	0.926008	0.926910	0.982446	0.997902	0.996697	0.998479	0.998799
0.517034	1.017034	0.250616	0.656927	0.900589	0.928620	0.929613	0.985143	1.000639	0.999263	1.001146	1.001376
0.519038	1.019038	0.252563	0.660679	0.903770	0.931218	0.932306	0.987816	1.003343	1.001803	1.003781	1.003918
0.521042	1.021042	0.254517	0.664431	0.906933	0.933801	0.934991	0.990466	1.006012	1.004318	1.006385	1.006425
0.523046	1.023046	0.256479	0.668181	0.910078	0.936370	0.937666	0.993093	1.008649	1.006808	1.008958	1.008899
0.525050	1.025050	0.258448	0.671930	0.913203	0.938925	0.940332	0.995697	1.011253	1.009276	1.011500	1.011340
0.527054	1.027054	0.260424	0.675677	0.916311	0.941466	0.942989	0.998278	1.013824	1.011720	1.014012	1.013749
0.529058	1.029058	0.262409	0.679423	0.919399	0.943993	0.945638	1.000838	1.016364	1.014143	1.016495	1.016128
0.531062	1.031062	0.264400	0.683167	0.922469	0.946507	0.948277	1.003376	1.018871	1.016544	1.018949	1.018478
0.533066	1.033066	0.266400	0.686909	0.925521	0.949007	0.950908	1.005892	1.021348	1.018926	1.021375	1.020800
0.535070	1.035070	0.268406	0.690649	0.928553	0.951493	0.953531	1.008387	1.023794	1.021288	1.023773	1.023094
0.537074	1.037074	0.270421	0.694387	0.931567	0.953966	0.956145	1.010861	1.026210	1.023631	1.026144	1.025363
0.539078	1.039078	0.272442	0.698122	0.934562	0.956426	0.958750	1.013315	1.028597	1.025956	1.028488	1.027607
0.541082	1.041082	0.274472	0.701856	0.937538	0.958873	0.961348	1.015748	1.030954	1.028264	1.030807	1.029828
0.543086	1.043086	0.276509	0.705587	0.940496	0.961308	0.963937	1.018162	1.033284	1.030556	1.033100	1.032027
0.545090	1.045090	0.278553	0.709315	0.943435	0.963729	0.966517	1.020555	1.035585	1.032832	1.035369	1.034204
0.547094	1.047094	0.280605	0.713040	0.946355	0.966138	0.969090	1.022930	1.037860	1.035092	1.037614	1.036362
0.549098	1.049098	0.282665	0.716763	0.949257	0.968535	0.971655	1.025286	1.040108	1.037338	1.039836	1.038501
0.551102	1.051102	0.284732	0.720483	0.952139	0.970919	0.974212	1.027623	1.042330	1.039571	1.042035	1.040623
0.553106	1.053106	0.286806	0.724200	0.955003	0.973292	0.976761	1.029943	1.044527	1.041790	1.044213	1.042728
0.555110	1.055110	0.288888	0.727913	0.957848	0.975653	0.979303	1.032244	1.046700	1.043996	1.046369	1.044817
0.557114	1.057114	0.290978	0.731623	0.960675	0.978001	0.981837	1.034529	1.048849	1.046191	1.048506	1.046893
0.559118	1.059118	0.293075	0.735330	0.963483	0.980339	0.984363	1.036796	1.050975	1.048374	1.050622	1.048955
0.561122	1.061122	0.295180	0.739033	0.966272	0.982665	0.986882	1.039047	1.053079	1.050546	1.052720	1.051006
0.563126	1.063126	0.297292	0.742733	0.969042	0.984979	0.989393	1.041281	1.055162	1.052707	1.054800	1.053045
0.565130	1.065130	0.299411	0.746429	0.971794	0.987283	0.991897	1.043500	1.057224	1.054859	1.056863	1.055074
0.567134	1.067134	0.301539	0.750120	0.974527	0.989575	0.994394	1.045704	1.059266	1.057000	1.058909	1.057094
0.569138	1.069138	0.303673	0.753808	0.977241	0.991857	0.996883	1.047892	1.061289	1.059133	1.060939	1.059105
0.571142	1.071142	0.305816	0.757492	0.979937	0.994129	0.999366	1.050066	1.063294	1.061257	1.062954	1.061109
0.573146	1.073146	0.307966	0.761171	0.982614	0.996390	1.001841	1.052226	1.065282	1.063373	1.064954	1.063106
0.575150	1.075150	0.310123	0.764846	0.985273	0.998640	1.004310	1.054371	1.067253	1.065481	1.066941	1.065097
0.577154	1.077154	0.312288	0.768516	0.987913	1.000881	1.006771	1.056504	1.069208	1.067581	1.068916	1.067083
0.579158	1.079158	0.314460	0.772182	0.990535	1.003111	1.009226	1.058623	1.071148	1.069673	1.070878	1.069064
0.581162	1.081162	0.316640	0.775843	0.993139	1.005332	1.011674	1.060730	1.073074	1.071759	1.072829	1.071040
0.583166	1.083166	0.318828	0.779499	0.995724	1.007543	1.014115	1.062825	1.074987	1.073837	1.074769	1.073014
0.585170	1.085170	0.321023	0.783150	0.998290	1.009745	1.016550	1.064908	1.076888	1.075909	1.076700	1.074984
0.587174	1.087174	0.323225	0.786796	1.000839	1.011938	1.018978	1.066980	1.078776	1.077974	1.078621	1.076951
0.589178	1.089178	0.325435	0.790436	1.003369	1.014121	1.021399	1.069041	1.080654	1.080034	1.080534	1.078917
0.591182	1.091182	0.327653	0.794072	1.005881	1.016296	1.023814	1.071091	1.082522	1.082087	1.082440	1.080880
0.593186	1.093186	0.329878	0.797701	1.008375	1.018462	1.026223	1.073131	1.084381	1.084134	1.084338	1.082842
0.595190	1.095190	0.332111	0.801326	1.010850	1.020619	1.028625	1.075161	1.086231	1.086175	1.086231	1.084802
0.597194	1.097194	0.334351	0.804944	1.013308	1.022768	1.031021	1.077182	1.088073	1.088211	1.088117	1.086761
0.599198	1.099198	0.336599	0.808557	1.015748	1.024908	1.033411	1.079195	1.089909	1.090241	1.089999	1.088719
0.601202	1.101202	0.338854	0.812163	1.018170	1.027041	1.035795	1.081198	1.091739	1.092265	1.091877	1.090676
0.603206	1.103206	0.341117	0.815764	1.020574	1.029166	1.038173	1.083194	1.093563	1.094284	1.093751	1.092633
0.605210	1.105210	0.343387	0.819358	1.022960	1.031282	1.040544	1.085181	1.095383	1.096298	1.095622	1.094588
0.607214	1.107214	0.345665	0.822946	1.025328	1.033392	1.042909	1.087162	1.097199	1.098307	1.097491	1.096543
0.609218	1.109218	0.347950	0.826527	1.027679	1.035494	1.045269	1.089135	1.099012	1.100310	1.099359	1.098498
0.611222	1.111222	0.350243	0.830102	1.030012	1.037588	1.047623	1.091102	1.100823	1.102308	1.101225	1.100451
0.613226	1.113226	0.352544	0.833671	1.032328	1.039676	1.049970	1.093062	1.102631	1.104301	1.103091	1.102404
0.615230	1.115230	0.354852	0.837232	1.034627	1.041757	1.052312	1.095017	1.104439	1.106289	1.104956	1.104356
0.617234	1.117234	0.357167	0.840786	1.036908	1.043831	1.054648	1.096966	1.106247	1.108272	1.106823	1.106307
0.619238	1.119238	0.359490	0.844334	1.039171	1.045898	1.056979	1.098910	1.108055	1.110249	1.108690	1.108257
0.621242	1.121242	0.361821	0.847874	1.041418	1.047959	1.059304	1.100849	1.109863	1.112222	1.110559	1.110206
0.623246	1.123246	0.364159	0.851407	1.043648	1.050014	1.061623	1.102784	1.111674	1.114190	1.112430	1.112154
0.625251	1.125251	0.366505	0.854932	1.045860	1.052063	1.063936	1.104715	1.113486	1.116153	1.114304	1.114100
0.627255	1.127255	0.368858	0.858450	1.048056	1.054106	1.066244	1.106642	1.115301	1.118111	1.116181	1.116045
0.629259	1.129259	0.371218	0.861961	1.050235	1.056143	1.068547	1.108565	1.117119	1.120064	1.118061	1.117989
0.631263	1.131263	0.373587	0.865463	1.052397	1.058175	1.070844	1.110486	1.118941	1.122012	1.119945	1.119931
0.633267	1.133267	0.375962	0.868958	1.054543	1.060202	1.073135	1.112403	1.120767	1.123956	1.121833	1.121872
0.635271	1.135271	0.378346	0.872444	1.056672	1.062223	1.075421	1.114319	1.122598	1.125896	1.123726	1.123810
0.637275	1.137275	0.380736	0.875923	1.058785	1.064239	1.077702	1.116232	1.124434	1.127830	1.125623	1.125748
0.639279	1.139279	0.383135	0.879393	1.060881	1.066250	1.079977	1.118143	1.126275	1.129761	1.127526	1.127683
0.641283	1.141283	0.385541	0.882855	1.062962	1.068257	1.082247	1.120053	1.128122	1.131687	1.129434	1.129617
0.643287	1.143287	0.387954	0.886308	1.065026	1.070259	1.084512	1.121962	1.129976	1.133609	1.131348	1.131550
0.645291	1.145291	0.390375	0.889752	1.067074	1.072256	1.086772	1.123869	1.131836	1.135528	1.133267	1.133481
0.647295	1.147295	0.392803	0.893188	1.069107	1.074250	1.089026	1.125776	1.133703	1.137442	1.135193	1.135411
0.649299	1.149299	0.395239	0.896615	1.071123	1.076239	1.091275	1.127682	1.135577	1.139353	1.137125	1.137340
0.651303	1.151303	0.397683	0.900033	1.073125	1.078224	1.093519	1.129589	1.137459	1.141260	1.139063	1.139268
0.653307	1.153307	0.400134	0.903442	1.075110	1.080206	1.095758	1.131495	1.139348	1.143164	1.141008	1.141195
0.655311	1.155311	0.402593	0.906842	1.077081	1.082184	1.097992	1.133402	1.141246	1.145066	1.142959	1.143121
0.657315	1.157315	0.405059	0.910232	1.079036	1.084159	1.100220	1.135309	1.143151	1.146964	1.144917	1.145048
0.659319	1.159319	0.407532	0.913613	1.080976	1.086130	1.102444	1.137217	1.145065	1.148860	1.146882	1.146975
0.661323	1.161323	0.410013	0.916984	1.082901	1.088099	1.104662	1.139125	1.146987	1.150754	1.148854	1.148902
0.663327	1.163327	0.412502	0.920345	1.084812	1.090064	1.106876	1.141035	1.148917	1.152646	1.150832	1.150830
0.665331	1.165331	0.414998	0.923697	1.086707	1.092026	1.109084	1.142947	1.150857	1.154536	1.152817	1.152760
0.667335	1.167335	0.417502	0.927039	1.088588	1.093986	1.111288	1.144860	1.152804	1.156426	1.154808	1.154691
0.669339	1.169339	0.420013	0.930370	1.090455	1.095944	1.113486	1.146775	1.154761	1.158314	1.156806	1.156625
0.671343	1.171343	0.422532	0.933692	1.092308	1.097899	1.115680	1.148691	1.156726	1.160201	1.158810	1.158561
0.673347	1.173347	0.425059	0.937003	1.094146	1.099852	1.117869	1.150610	1.158699	1.162089	1.160821	1.160501
0.675351	1.175351	0.427592	0.940303	1.095971	1.101803	1.120053	1.152531	1.160681	1.163976	1.162838	1.162445
0.677355	1.177355	0.430134	0.943593	1.097781	1.103751	1.122232	1.154454	1.162672	1.165864	1.164860	1.164392
0.679359	1.179359	0.432683	0.946873	1.099579	1.105699	1.124406	1.156380	1.164671	1.167753	1.166888	1.166345
0.681363	1.181363	0.435239	0.950141	1.101362	1.107644	1.126575	1.158309	1.166678	1.169643	1.168922	1.168302
0.683367	1.183367	0.437803	0.953399	1.103132	1.109588	1.128739	1.160240	1.168693	1.171535	1.170961	1.170266
0.685371	1.185371	0.440375	0.956646	1.104890	1.111531	1.130899	1.162174	1.170716	1.173429	1.173005	1.172236
0.687375	1.187375	0.442954	0.959881	1.106634	1.113473	1.133053	1.164111	1.172747	1.175325	1.175054	1.174212
0.689379	1.189379	0.445540	0.963105	1.108365	1.115413	1.135203	1.166051	1.174786	1.177224	1.177107	1.176196
0.691383	1.191383	0.448134	0.966318	1.110084	1.117353	1.137349	1.167994	1.176832	1.179126	1.179165	1.178187
0.693387	1.193387	0.450736	0.969519	1.111790	1.119292	1.139489	1.169941	1.178885	1.181032	1.181226	1.180187
0.695391	1.195391	0.453345	0.972709	1.113484	1.121230	1.141625	1.171890	1.180945	1.182942	1.183291	1.182194
0.697395	1.197395	0.455962	0.975887	1.115166	1.123168	1.143756	1.173843	1.183011	1.184857	1.185358	1.184210
0.699399	1.199399	0.458586	0.979053	1.116835	1.125106	1.145882	1.175800	1.185084	1.186776	1.187429	1.186235
0.701403	1.201403	0.461218	0.982206	1.118493	1.127043	1.148003	1.177759	1.187162	1.188701	1.189502	1.188268
0.703407	1.203407	0.463857	0.985348	1.120140	1.128980	1.150120	1.179723	1.189247	1.190631	1.191577	1.190311
0.705411	1.205411	0.466504	0.988478	1.121775	1.130917	1.152232	1.181689	1.191336	1.192566	1.193654	1.192363
0.707415	1.207415	0.469159	0.991595	1.123399	1.132854	1.154339	1.183659	1.193430	1.194508	1.195732	1.194423
0.709419	1.209419	0.471820	0.994700	1.125011	1.134792	1.156442	1.185633	1.195529	1.196457	1.197810	1.196493
0.711423	1.211423	0.474490	0.997792	1.126613	1.136730	1.158540	1.187610	1.197633	1.198412	1.199890	1.198571
0.713427	1.213427	0.477167	1.000871	1.128205	1.138668	1.160633	1.189591	1.199740	1.200374	1.201969	1.200657
0.715431	1.215431	0.479851	1.003937	1.129786	1.140607	1.162721	1.191575	1.201850	1.202343	1.204048	1.202752
0.717435	1.217435	0.482543	1.006991	1.131356	1.142547	1.164805	1.193562	1.203964	1.204320	1.206127	1.204854
0.719439	1.219439	0.485243	1.010031	1.132917	1.144488	1.166885	1.195553	1.206080	1.206304	1.208205	1.206963
0.721443	1.221443	0.487950	1.013058	1.134468	1.146429	1.168959	1.197547	1.208198	1.208296	1.210281	1.209078
0.723447	1.223447	0.490664	1.016072	1.136009	1.148372	1.171029	1.199545	1.210318	1.210296	1.212356	1.211200
0.725451	1.225451	0.493387	1.019072	1.137540	1.150316	1.173095	1.201545	1.212440	1.212304	1.214428	1.213326
0.727455	1.227455	0.496116	1.022059	1.139063	1.152261	1.175156	1.203549	1.214563	1.214319	1.216498	1.215456
0.729459	1.229459	0.498853	1.025032	1.140577	1.154208	1.177212	1.205556	1.216686	1.216343	1.218566	1.217590
0.731463	1.231463	0.501598	1.027991	1.142081	1.156156	1.179263	1.207566	1.218810	1.218374	1.220630	1.219725
0.733467	1.233467	0.504350	1.030937	1.143577	1.158105	1.181310	1.209579	1.220933	1.220414	1.222692	1.221862
0.735471	1.235471	0.507110	1.033868	1.145065	1.160057	1.183353	1.211595	1.223056	1.222461	1.224749	1.224000
0.737475	1.237475	0.509877	1.036785	1.146545	1.162010	1.185391	1.213613	1.225178	1.224516	1.226803	1.226136
0.739479	1.239479	0.512652	1.039688	1.148017	1.163965	1.187424	1.215635	1.227298	1.226578	1.228853	1.228270
0.741483	1.241483	0.515435	1.042576	1.149481	1.165922	1.189453	1.217658	1.229417	1.228647	1.230899	1.230400
0.743487	1.243487	0.518225	1.045450	1.150938	1.167881	1.191477	1.219685	1.231533	1.230724	1.232940	1.232526
0.745491	1.245491	0.521022	1.048309	1.152388	1.169842	1.193497	1.221713	1.233647	1.232807	1.234977	1.234647
0.747495	1.247495	0.523827	1.051153	1.153830	1.171805	1.195512	1.223744	1.235758	1.234896	1.237009	1.236761
0.749499	1.249499	0.526639	1.053982	1.155266	1.173771	1.197523	1.225777	1.237866	1.236992	1.239036	1.238866
0.751503	1.251503	0.529459	1.056797	1.156696	1.175739	1.199529	1.227812	1.239970	1.239093	1.241059	1.240963
0.753507	1.253507	0.532287	1.059596	1.158119	1.177709	1.201531	1.229849	1.242071	1.241199	1.243076	1.243049
0.755511	1.255511	0.535122	1.062380	1.159536	1.179682	1.203528	1.231888	1.244167	1.243310	1.245089	1.245124
0.757515	1.257515	0.537965	1.065149	1.160948	1.181658	1.205521	1.233928	1.246259	1.245425	1.247097	1.247187
0.759519	1.259519	0.540815	1.067902	1.162354	1.183636	1.207510	1.235970	1.248347	1.247544	1.249100	1.249237
0.761523	1.261523	0.543673	1.070639	1.163755	1.185617	1.209494	1.238013	1.250429	1.249666	1.251098	1.251273
0.763527	1.263527	0.546538	1.073361	1.165151	1.187601	1.211473	1.240057	1.252506	1.251791	1.253091	1.253295
0.765531	1.265531	0.549410	1.076066	1.166542	1.189587	1.213449	1.242102	1.254578	1.253917	1.255080	1.255302
0.767535	1.267535	0.552291	1.078756	1.167929	1.191577	1.215420	1.244148	1.256644	1.256045	1.257064	1.257294
0.769539	1.269539	0.555178	1.081430	1.169311	1.193569	1.217386	1.246195	1.258704	1.258173	1.259044	1.259270
0.771543	1.271543	0.558074	1.084087	1.170690	1.195565	1.219349	1.248242	1.260758	1.260301	1.261020	1.261231
0.773547	1.273547	0.560977	1.086728	1.172064	1.197563	1.221307	1.250290	1.262807	1.262429	1.262992	1.263176
0.775551	1.275551	0.563887	1.089353	1.173436	1.199564	1.223260	1.252339	1.264849	1.264555	1.264960	1.265106
0.777555	1.277555	0.566805	1.091961	1.174804	1.201569	1.225210	1.254387	1.266884	1.266680	1.266925	1.267022
0.779559	1.279559	0.569730	1.094552	1.176170	1.203577	1.227155	1.256435	1.268914	1.268801	1.268887	1.268923
0.781563	1.281563	0.572663	1.097127	1.177533	1.205588	1.229096	1.258484	1.270937	1.270920	1.270846	1.270811
0.783567	1.283567	0.575604	1.099684	1.178893	1.207602	1.231034	1.260532	1.272953	1.273034	1.272803	1.272687
0.785571	1.285571	0.578552	1.102224	1.180252	1.209620	1.232966	1.262579	1.274963	1.275144	1.274757	1.274551
0.787575	1.287575	0.581507	1.104748	1.181609	1.211640	1.234895	1.264626	1.276967	1.277248	1.276710	1.276406
0.789579	1.289579	0.584471	1.107253	1.182964	1.213664	1.236820	1.266673	1.278964	1.279347	1.278661	1.278251
0.791583	1.291583	0.587441	1.109742	1.184318	1.215692	1.238741	1.268718	1.280955	1.281439	1.280611	1.280090
0.793587	1.293587	0.590419	1.112213	1.185672	1.217722	1.240658	1.270763	1.282939	1.283524	1.282561	1.281924
0.795591	1.295591	0.593405	1.114666	1.187024	1.219756	1.242571	1.272807	1.284918	1.285601	1.284510	1.283754
0.797595	1.297595	0.596398	1.117101	1.188377	1.221794	1.244480	1.274849	1.286890	1.287670	1.286460	1.285582
0.799599	1.299599	0.599399	1.119519	1.189729	1.223835	1.246385	1.276890	1.288857	1.289731	1.288410	1.287411
0.801603	1.301603	0.602407	1.121918	1.191082	1.225879	1.248286	1.278930	1.290818	1.291783	1.290361	1.289243
0.803607	1.303607	0.605423	1.124299	1.192436	1.227926	1.250184	1.280968	1.292774	1.293826	1.292313	1.291079
0.805611	1.305611	0.608446	1.126662	1.193790	1.229977	1.252078	1.283004	1.294724	1.295859	1.294266	1.292923
0.807615	1.307615	0.611477	1.129007	1.195146	1.232031	1.253968	1.285039	1.296670	1.297882	1.296222	1.294775
0.809619	1.309619	0.614516	1.131333	1.196503	1.234089	1.255854	1.287071	1.298611	1.299895	1.298180	1.296638
0.811623	1.311623	0.617562	1.133640	1.197862	1.236150	1.257738	1.289102	1.300547	1.301898	1.300141	1.298514
0.813627	1.313627	0.620615	1.135929	1.199223	1.238214	1.259617	1.291131	1.302479	1.303891	1.302105	1.300405
0.815631	1.315631	0.623676	1.138198	1.200587	1.240281	1.261493	1.293157	1.304407	1.305873	1.304072	1.302313
0.817635	1.317635	0.626744	1.140449	1.201953	1.242352	1.263366	1.295182	1.306332	1.307845	1.306042	1.304238
0.819639	1.319639	0.629821	1.142680	1.203323	1.244426	1.265236	1.297204	1.308254	1.309808	1.308016	1.306184
0.821643	1.321643	0.632904	1.144893	1.204696	1.246503	1.267102	1.299223	1.310173	1.311760	1.309994	1.308150
0.823647	1.323647	0.635995	1.147086	1.206073	1.248583	1.268965	1.301241	1.312089	1.313703	1.311977	1.310138
0.825651	1.325651	0.639094	1.149259	1.207454	1.250667	1.270825	1.303256	1.314003	1.315637	1.313963	1.312148
0.827655	1.327655	0.642200	1.151413	1.208839	1.252753	1.272683	1.305268	1.315916	1.317562	1.315955	1.314181
0.829659	1.329659	0.645314	1.153547	1.210229	1.254842	1.274537	1.307278	1.317828	1.319479	1.317950	1.316237
0.831663	1.331663	0.648435	1.155661	1.211624	1.256935	1.276388	1.309286	1.319738	1.321388	1.319950	1.318315
0.833667	1.333667	0.651564	1.157755	1.213025	1.259030	1.278237	1.311291	1.321649	1.323290	1.321955	1.320415
0.835671	1.335671	0.654700	1.159829	1.214431	1.261128	1.280083	1.313293	1.323559	1.325185	1.323964	1.322537
0.837675	1.337675	0.657844	1.161883	1.215844	1.263229	1.281926	1.315293	1.325470	1.327075	1.325977	1.324678
0.839679	1.339679	0.660995	1.163917	1.217263	1.265332	1.283767	1.317290	1.327382	1.328960	1.327995	1.326837
0.841683	1.341683	0.664154	1.165930	1.218689	1.267439	1.285606	1.319285	1.329294	1.330841	1.330017	1.329012
0.843687	1.343687	0.667320	1.167922	1.220122	1.269547	1.287442	1.321277	1.331209	1.332719	1.332043	1.331200
0.845691	1.345691	0.670494	1.169894	1.221563	1.271659	1.289276	1.323267	1.333126	1.334595	1.334072	1.333400
0.847695	1.347695	0.673676	1.171845	1.223011	1.273772	1.291108	1.325254	1.335045	1.336470	1.336105	1.335609
0.849699	1.349699	0.676865	1.173775	1.224468	1.275888	1.292938	1.327240	1.336967	1.338344	1.338142	1.337822
0.851703	1.351703	0.680061	1.175684	1.225933	1.278006	1.294766	1.329222	1.338893	1.340220	1.340181	1.340037
0.853707	1.353707	0.683265	1.177572	1.227407	1.280126	1.296593	1.331203	1.340822	1.342097	1.342222	1.342251
0.855711	1.355711	0.686477	1.179438	1.228891	1.282248	1.298418	1.333181	1.342755	1.343977	1.344266	1.344460
0.857715	1.357715	0.689696	1.181283	1.230384	1.284372	1.300242	1.335158	1.344693	1.345862	1.346312	1.346660
0.859719	1.359719	0.692923	1.183106	1.231887	1.286498	1.302064	1.337132	1.346636	1.347752	1.348359	1.348848
0.861723	1.361723	0.696157	1.184908	1.233401	1.288625	1.303885	1.339105	1.348583	1.349647	1.350406	1.351020
0.863727	1.363727	0.699399	1.186688	1.234925	1.290754	1.305705	1.341076	1.350536	1.351550	1.352454	1.353174
0.865731	1.365731	0.702648	1.188446	1.236461	1.292884	1.307524	1.343045	1.352495	1.353461	1.354502	1.355305
0.867735	1.367735	0.705905	1.190182	1.238008	1.295016	1.309343	1.345013	1.354459	1.355382	1.356550	1.357411
0.869739	1.369739	0.709169	1.191896	1.239568	1.297149	1.311160	1.346980	1.356430	1.357312	1.358596	1.359490
0.871743	1.371743	0.712441	1.193588	1.241139	1.299282	1.312978	1.348945	1.358406	1.359252	1.360641	1.361540
0.873747	1.373747	0.715720	1.195257	1.242723	1.301417	1.314795	1.350910	1.360390	1.361204	1.362684	1.363558
0.875752	1.375752	0.719007	1.196904	1.244321	1.303552	1.316612	1.352873	1.362379	1.363168	1.364725	1.365545
0.877756	1.377756	0.722301	1.198528	1.245931	1.305688	1.318429	1.354836	1.364376	1.365145	1.366763	1.367499
0.879760	1.379760	0.725603	1.200129	1.247556	1.307824	1.320247	1.356799	1.366379	1.367134	1.368798	1.369422
0.881764	1.381764	0.728913	1.201708	1.249195	1.309960	1.322064	1.358761	1.368389	1.369137	1.370830	1.371314
0.883768	1.383768	0.732230	1.203263	1.250849	1.312097	1.323883	1.360723	1.370406	1.371153	1.372858	1.373176
0.885772	1.385772	0.735554	1.204796	1.252517	1.314233	1.325702	1.362684	1.372429	1.373182	1.374881	1.375011
0.887776	1.387776	0.738886	1.206305	1.254202	1.316369	1.327522	1.364647	1.374459	1.375225	1.376901	1.376823
0.889780	1.389780	0.742226	1.207790	1.255902	1.318504	1.329344	1.366609	1.376495	1.377281	1.378916	1.378614
0.891784	1.391784	0.745573	1.209253	1.257618	1.320639	1.331167	1.368572	1.378538	1.379350	1.380926	1.380390
0.893788	1.393788	0.748928	1.210691	1.259351	1.322773	1.332991	1.370537	1.380587	1.381430	1.382931	1.382154
0.895792	1.395792	0.752290	1.212106	1.261101	1.324906	1.334818	1.372502	1.382641	1.383522	1.384932	1.383913
0.897796	1.397796	0.755660	1.213497	1.262869	1.327037	1.336646	1.374468	1.384701	1.385625	1.386929	1.385672
0.899800	1.399800	0.759037	1.214865	1.264654	1.329167	1.338477	1.376436	1.386767	1.387737	1.388921	1.387438
0.901804	1.401804	0.762422	1.216208	1.266458	1.331295	1.340311	1.378405	1.388837	1.389857	1.390908	1.389216
0.903808	1.403808	0.765814	1.217527	1.268281	1.333422	1.342147	1.380377	1.390911	1.391985	1.392891	1.391012
0.905812	1.405812	0.769214	1.218821	1.270123	1.335546	1.343986	1.382350	1.392990	1.394118	1.394871	1.392833
0.907816	1.407816	0.772621	1.220091	1.271985	1.337668	1.345829	1.384326	1.395072	1.396256	1.396847	1.394684
0.909820	1.409820	0.776036	1.221337	1.273866	1.339787	1.347675	1.386304	1.397157	1.398396	1.398820	1.396569
0.911824	1.411824	0.779458	1.222557	1.275768	1.341903	1.349525	1.388285	1.399244	1.400537	1.400791	1.398494
0.913828	1.413828	0.782888	1.223753	1.277692	1.344017	1.351379	1.390269	1.401333	1.402677	1.402760	1.400461
0.915832	1.415832	0.786326	1.224925	1.279636	1.346127	1.353237	1.392255	1.403423	1.404814	1.404727	1.402473
0.917836	1.417836	0.789771	1.226071	1.281602	1.348233	1.355101	1.394245	1.405514	1.406946	1.406693	1.404531
0.919840	1.419840	0.793223	1.227191	1.283591	1.350335	1.356969	1.396238	1.407604	1.409071	1.408659	1.406634
0.921844	1.421844	0.796684	1.228287	1.285602	1.352433	1.358842	1.398235	1.409694	1.411188	1.410626	1.408781
0.923848	1.423848	0.800151	1.229357	1.287636	1.354527	1.360721	1.400235	1.411782	1.413294	1.412594	1.410968
0.925852	1.425852	0.803626	1.230402	1.289694	1.356616	1.362606	1.402239	1.413867	1.415388	1.414563	1.413191
0.927856	1.427856	0.807109	1.231421	1.291776	1.358700	1.364497	1.404246	1.415950	1.417468	1.416535	1.415442
0.929860	1.429860	0.810599	1.232414	1.293882	1.360779	1.366395	1.406258	1.418029	1.419532	1.418510	1.417715
0.931864	1.431864	0.814097	1.233381	1.296014	1.362852	1.368300	1.408273	1.420103	1.421579	1.420489	1.419999
0.933868	1.433868	0.817602	1.234323	1.298170	1.364920	1.370212	1.410292	1.422172	1.423609	1.422471	1.422285
0.935872	1.435872	0.821115	1.235238	1.300353	1.366981	1.372131	1.412315	1.424235	1.425619	1.424459	1.424563
0.937876	1.437876	0.824635	1.236127	1.302562	1.369036	1.374058	1.414343	1.426291	1.427610	1.426451	1.426820
0.939880	1.439880	0.828163	1.236989	1.304797	1.371083	1.375994	1.416374	1.428340	1.429581	1.428448	1.429045
0.941884	1.441884	0.831698	1.237825	1.307060	1.373124	1.377939	1.418408	1.430382	1.431533	1.430451	1.431229
0.943888	1.443888	0.835241	1.238635	1.309351	1.375157	1.379892	1.420447	1.432414	1.433465	1.432460	1.433361
0.945892	1.445892	0.838792	1.239417	1.311669	1.377182	1.381855	1.422489	1.434438	1.435380	1.434474	1.435433
0.947896	1.447896	0.842350	1.240173	1.314017	1.379200	1.383828	1.424534	1.436452	1.437277	1.436493	1.437441
0.949900	1.449900	0.845915	1.240902	1.316393	1.381208	1.385811	1.426583	1.438456	1.439160	1.438517	1.439381
0.951904	1.451904	0.849488	1.241603	1.318800	1.383208	1.387805	1.428634	1.440450	1.441030	1.440545	1.441253
0.953908	1.453908	0.853069	1.242278	1.321236	1.385198	1.389810	1.430688	1.442434	1.442890	1.442578	1.443061
0.955912	1.455912	0.856657	1.242925	1.323703	1.387179	1.391826	1.432744	1.444408	1.444744	1.444613	1.444815
0.957916	1.457916	0.860253	1.243545	1.326201	1.389150	1.393855	1.434802	1.446372	1.446595	1.446651	1.446525
0.959920	1.459920	0.863856	1.244137	1.328730	1.391111	1.395895	1.436861	1.448325	1.448447	1.448689	1.448207
0.961924	1.461924	0.867466	1.244701	1.331292	1.393061	1.397949	1.438921	1.450270	1.450305	1.450728	1.449881
0.963928	1.463928	0.871085	1.245238	1.333886	1.394999	1.400016	1.440981	1.452205	1.452174	1.452766	1.451570
0.965932	1.465932	0.874710	1.245746	1.336513	1.396926	1.402097	1.443041	1.454132	1.454058	1.454801	1.453296
0.967936	1.467936	0.878344	1.246227	1.339173	1.398841	1.404193	1.445100	1.456052	1.455962	1.456832	1.455083
0.969940	1.469940	0.881984	1.246679	1.341868	1.400744	1.406303	1.447157	1.457965	1.457891	1.458859	1.456953
0.971944	1.471944	0.885633	1.247103	1.344597	1.402634	1.408429	1.449211	1.459875	1.459849	1.460880	1.458922
0.973948	1.473948	0.889289	1.247499	1.347361	1.404511	1.410570	1.451261	1.461781	1.461841	1.462894	1.461002
0.975952	1.475952	0.892952	1.247866	1.350161	1.406374	1.412728	1.453307	1.463687	1.463868	1.464900	1.463192
0.977956	1.477956	0.896623	1.248204	1.352997	1.408223	1.414902	1.455347	1.465595	1.465932	1.466898	1.465484
0.979960	1.479960	0.900301	1.248514	1.355869	1.410057	1.417095	1.457380	1.467507	1.468034	1.468888	1.467850
0.981964	1.481964	0.903987	1.248795	1.358779	1.411877	1.419305	1.459405	1.469426	1.470171	1.470869	1.470253
0.983968	1.483968	0.907681	1.249046	1.361726	1.413681	1.421534	1.461420	1.471357	1.472338	1.472844	1.472637
0.985972	1.485972	0.911382	1.249269	1.364711	1.415469	1.423781	1.463424	1.473302	1.474527	1.474814	1.474939
0.987976	1.487976	0.915090	1.249462	1.367735	1.417241	1.426049	1.465415	1.475266	1.476726	1.476781	1.477091
0.989980	1.489980	0.918807	1.249626	1.370798	1.418996	1.428337	1.467393	1.477255	1.478917	1.478749	1.479039
0.991984	1.491984	0.922530	1.249760	1.373901	1.420733	1.430646	1.469354	1.479272	1.481078	1.480721	1.480756
0.993988	1.493988	0.926261	1.249865	1.377043	1.422453	1.432977	1.471297	1.481325	1.483178	1.482705	1.482282
0.995992	1.495992	0.930000	1.249940	1.380227	1.424154	1.435329	1.473220	1.483420	1.485180	1.484707	1.483766
0.997996	1.497996	0.933746	1.249985	1.383452	1.425837	1.437705	1.475120	1.485563	1.487037	1.486735	1.485533
1.000000	1.500000	0.937500	1.250000	1.386719	1.427500	1.440104	1.476997	1.487762	1.488691	1.488799	1.488168
